1.00000000000e+03	1.994030e+00	0.000000e+00
1.01451300000e+03	2.023231e+00	0.000000e+00
1.02923800000e+03	2.053190e+00	0.000000e+00
1.04417500000e+03	2.082964e+00	0.000000e+00
1.05933000000e+03	2.112797e+00	0.000000e+00
1.07470500000e+03	2.142442e+00	0.000000e+00
1.09030200000e+03	2.173675e+00	0.000000e+00
1.10612600000e+03	2.205281e+00	0.000000e+00
1.12218000000e+03	2.236861e+00	0.000000e+00
1.13846700000e+03	2.268956e+00	0.000000e+00
1.15499000000e+03	2.301725e+00	0.000000e+00
1.17175300000e+03	2.336207e+00	0.000000e+00
1.18875900000e+03	2.368883e+00	0.000000e+00
1.20601200000e+03	2.403879e+00	0.000000e+00
1.22351600000e+03	2.438557e+00	0.000000e+00
1.24127300000e+03	2.473884e+00	0.000000e+00
1.25928800000e+03	2.508711e+00	0.000000e+00
1.27756500000e+03	2.545295e+00	0.000000e+00
1.29610700000e+03	2.582152e+00	0.000000e+00
1.31491800000e+03	2.619366e+00	0.000000e+00
1.33400200000e+03	2.656895e+00	0.000000e+00
1.35336300000e+03	2.695013e+00	0.000000e+00
1.37300500000e+03	2.734561e+00	0.000000e+00
1.39293200000e+03	2.774683e+00	0.000000e+00
1.41314800000e+03	2.814754e+00	0.000000e+00
1.43365800000e+03	2.854636e+00	0.000000e+00
1.45446500000e+03	2.896214e+00	0.000000e+00
1.47557500000e+03	2.937939e+00	0.000000e+00
1.49699000000e+03	2.980093e+00	0.000000e+00
1.51871700000e+03	3.024382e+00	0.000000e+00
1.54075900000e+03	3.067114e+00	0.000000e+00
1.56312100000e+03	3.111910e+00	0.000000e+00
1.58580700000e+03	3.157539e+00	0.000000e+00
1.60882300000e+03	3.202101e+00	0.000000e+00
1.63217200000e+03	3.249075e+00	0.000000e+00
1.65586100000e+03	3.295539e+00	0.000000e+00
1.67989300000e+03	3.344243e+00	0.000000e+00
1.70427400000e+03	3.393100e+00	0.000000e+00
1.72900900000e+03	3.440239e+00	0.000000e+00
1.75410300000e+03	3.490772e+00	0.000000e+00
1.77956100000e+03	3.540951e+00	0.000000e+00
1.80538900000e+03	3.592357e+00	0.000000e+00
1.83159100000e+03	3.644139e+00	0.000000e+00
1.85817400000e+03	3.697947e+00	0.000000e+00
1.88514200000e+03	3.750929e+00	0.000000e+00
1.91250200000e+03	3.804889e+00	0.000000e+00
1.94026000000e+03	3.859475e+00	0.000000e+00
1.96841900000e+03	3.916654e+00	0.000000e+00
1.99698800000e+03	3.973038e+00	0.000000e+00
2.02597100000e+03	4.030271e+00	0.000000e+00
2.05537500000e+03	4.088408e+00	0.000000e+00
2.08520600000e+03	4.147230e+00	0.000000e+00
2.11546900000e+03	4.207395e+00	0.000000e+00
2.14617200000e+03	4.269063e+00	0.000000e+00
2.17732100000e+03	4.330835e+00	0.000000e+00
2.20892100000e+03	4.392821e+00	0.000000e+00
2.24098000000e+03	4.456871e+00	0.000000e+00
2.27350500000e+03	4.522037e+00	0.000000e+00
2.30650100000e+03	4.587212e+00	0.000000e+00
2.33997700000e+03	4.653355e+00	0.000000e+00
2.37393800000e+03	4.721036e+00	0.000000e+00
2.40839200000e+03	4.788497e+00	0.000000e+00
2.44334600000e+03	4.859762e+00	0.000000e+00
2.47880800000e+03	4.929460e+00	0.000000e+00
2.51478400000e+03	5.000447e+00	0.000000e+00
2.55128200000e+03	5.073261e+00	0.000000e+00
2.58831000000e+03	5.147429e+00	0.000000e+00
2.62587500000e+03	5.220964e+00	0.000000e+00
2.66398600000e+03	5.296421e+00	0.000000e+00
2.70265000000e+03	5.373755e+00	0.000000e+00
2.74187400000e+03	5.450794e+00	0.000000e+00
2.78166900000e+03	5.529262e+00	0.000000e+00
2.82204000000e+03	5.610358e+00	0.000000e+00
2.86299800000e+03	5.690989e+00	0.000000e+00
2.90455000000e+03	5.774122e+00	0.000000e+00
2.94670500000e+03	5.858005e+00	0.000000e+00
2.98947200000e+03	5.941995e+00	0.000000e+00
3.03286000000e+03	6.028338e+00	0.000000e+00
3.07687700000e+03	6.115503e+00	0.000000e+00
3.12153300000e+03	6.204827e+00	0.000000e+00
3.16683800000e+03	6.294165e+00	0.000000e+00
3.21279900000e+03	6.385955e+00	0.000000e+00
3.25942800000e+03	6.478951e+00	0.000000e+00
3.30673400000e+03	6.573403e+00	0.000000e+00
3.35472600000e+03	6.668412e+00	0.000000e+00
3.40341500000e+03	6.764686e+00	0.000000e+00
3.45281000000e+03	6.862334e+00	0.000000e+00
3.50292300000e+03	6.962565e+00	0.000000e+00
3.55376200000e+03	7.063046e+00	0.000000e+00
3.60534000000e+03	7.165486e+00	0.000000e+00
3.65766600000e+03	7.270380e+00	0.000000e+00
3.71075100000e+03	7.374212e+00	0.000000e+00
3.76460700000e+03	7.482231e+00	0.000000e+00
3.81924500000e+03	7.589820e+00	0.000000e+00
3.87467500000e+03	7.699533e+00	0.000000e+00
3.93091000000e+03	7.811097e+00	0.000000e+00
3.98796100000e+03	7.923455e+00	0.000000e+00
4.04584100000e+03	8.039650e+00	0.000000e+00
4.10456000000e+03	8.156901e+00	0.000000e+00
4.16413100000e+03	8.274468e+00	0.000000e+00
4.22456700000e+03	8.393791e+00	0.000000e+00
4.28588000000e+03	8.515906e+00	0.000000e+00
4.34808300000e+03	8.639016e+00	0.000000e+00
4.41118900000e+03	8.764826e+00	0.000000e+00
4.47521100000e+03	8.890128e+00	0.000000e+00
4.54016200000e+03	9.019625e+00	0.000000e+00
4.60605500000e+03	9.150843e+00	0.000000e+00
4.67290500000e+03	9.284922e+00	0.000000e+00
4.74072500000e+03	9.418634e+00	0.000000e+00
4.80953000000e+03	9.553370e+00	0.000000e+00
4.87933300000e+03	9.692793e+00	0.000000e+00
4.95014900000e+03	9.834908e+00	0.000000e+00
5.02199300000e+03	9.977049e+00	0.000000e+00
5.09488000000e+03	1.012128e+01	0.000000e+00
5.16882400000e+03	1.026868e+01	0.000000e+00
5.24384200000e+03	1.041827e+01	0.000000e+00
5.31994800000e+03	1.056884e+01	0.000000e+00
5.39715900000e+03	1.072015e+01	0.000000e+00
5.47549000000e+03	1.087705e+01	0.000000e+00
5.55495900000e+03	1.103548e+01	0.000000e+00
5.63558100000e+03	1.119399e+01	0.000000e+00
5.71737300000e+03	1.135824e+01	0.000000e+00
5.80035200000e+03	1.152154e+01	0.000000e+00
5.88453500000e+03	1.168713e+01	0.000000e+00
5.96994000000e+03	1.185852e+01	0.000000e+00
6.05658500000e+03	1.203117e+01	0.000000e+00
6.14448700000e+03	1.220675e+01	0.000000e+00
6.23366500000e+03	1.238295e+01	0.000000e+00
6.32413700000e+03	1.256160e+01	0.000000e+00
6.41592200000e+03	1.274333e+01	0.000000e+00
6.50903900000e+03	1.292944e+01	0.000000e+00
6.60350800000e+03	1.311667e+01	0.000000e+00
6.69934800000e+03	1.330712e+01	0.000000e+00
6.79657900000e+03	1.350175e+01	0.000000e+00
6.89522100000e+03	1.369505e+01	0.000000e+00
6.99529500000e+03	1.389689e+01	0.000000e+00
7.09682100000e+03	1.409703e+01	0.000000e+00
7.19982000000e+03	1.430244e+01	0.000000e+00
7.30431500000e+03	1.450991e+01	0.000000e+00
7.41032600000e+03	1.471844e+01	0.000000e+00
7.51787500000e+03	1.493369e+01	0.000000e+00
7.62698600000e+03	1.515141e+01	0.000000e+00
7.73768000000e+03	1.537301e+01	0.000000e+00
7.84998100000e+03	1.559156e+01	0.000000e+00
7.96391100000e+03	1.581924e+01	0.000000e+00
8.07949500000e+03	1.604710e+01	0.000000e+00
8.19675700000e+03	1.628153e+01	0.000000e+00
8.31572000000e+03	1.651724e+01	0.000000e+00
8.43641000000e+03	1.675731e+01	0.000000e+00
8.55885200000e+03	1.700026e+01	0.000000e+00
8.68307100000e+03	1.724496e+01	0.000000e+00
8.80909200000e+03	1.749580e+01	0.000000e+00
8.93694300000e+03	1.774909e+01	0.000000e+00
9.06664900000e+03	1.800467e+01	0.000000e+00
9.19823800000e+03	1.826879e+01	0.000000e+00
9.33173600000e+03	1.853131e+01	0.000000e+00
9.46717200000e+03	1.880202e+01	0.000000e+00
9.60457400000e+03	1.907065e+01	0.000000e+00
9.74397000000e+03	1.935133e+01	0.000000e+00
9.88538900000e+03	1.963110e+01	0.000000e+00
1.00288600000e+04	1.991627e+01	0.000000e+00
1.01744140000e+04	2.020695e+01	0.000000e+00
1.03220800000e+04	2.049965e+01	0.000000e+00
1.04718890000e+04	2.079456e+01	0.000000e+00
1.06238730000e+04	2.109536e+01	0.000000e+00
1.07780620000e+04	2.139898e+01	0.000000e+00
1.09344890000e+04	2.171197e+01	0.000000e+00
1.10931870000e+04	2.202890e+01	0.000000e+00
1.12541870000e+04	2.234433e+01	0.000000e+00
1.14175250000e+04	2.266963e+01	0.000000e+00
1.15832330000e+04	2.299965e+01	0.000000e+00
1.17513460000e+04	2.333291e+01	0.000000e+00
1.19218990000e+04	2.367179e+01	0.000000e+00
1.20949270000e+04	2.401577e+01	0.000000e+00
1.22704670000e+04	2.436519e+01	0.000000e+00
1.24485540000e+04	2.471482e+01	0.000000e+00
1.26292260000e+04	2.507772e+01	0.000000e+00
1.28125200000e+04	2.543752e+01	0.000000e+00
1.29984740000e+04	2.581202e+01	0.000000e+00
1.31871270000e+04	2.618445e+01	0.000000e+00
1.33785180000e+04	2.656472e+01	0.000000e+00
1.35726870000e+04	2.694701e+01	0.000000e+00
1.37696740000e+04	2.733989e+01	0.000000e+00
1.39695200000e+04	2.773027e+01	0.000000e+00
1.41722660000e+04	2.813304e+01	0.000000e+00
1.43779550000e+04	2.854617e+01	0.000000e+00
1.45866290000e+04	2.895542e+01	0.000000e+00
1.47983320000e+04	2.938162e+01	0.000000e+00
1.50131070000e+04	2.980308e+01	0.000000e+00
1.52310000000e+04	3.024256e+01	0.000000e+00
1.54520550000e+04	3.068257e+01	0.000000e+00
1.56763180000e+04	3.112209e+01	0.000000e+00
1.59038360000e+04	3.157758e+01	0.000000e+00
1.61346560000e+04	3.203289e+01	0.000000e+00
1.63688260000e+04	3.249625e+01	0.000000e+00
1.66063940000e+04	3.296867e+01	0.000000e+00
1.68474110000e+04	3.344747e+01	0.000000e+00
1.70919250000e+04	3.393362e+01	0.000000e+00
1.73399890000e+04	3.442661e+01	0.000000e+00
1.75916520000e+04	3.492554e+01	0.000000e+00
1.78469680000e+04	3.542670e+01	0.000000e+00
1.81059900000e+04	3.594769e+01	0.000000e+00
1.83687710000e+04	3.646890e+01	0.000000e+00
1.86353660000e+04	3.699239e+01	0.000000e+00
1.89058300000e+04	3.752937e+01	0.000000e+00
1.91802190000e+04	3.807603e+01	0.000000e+00
1.94585910000e+04	3.862661e+01	0.000000e+00
1.97410030000e+04	3.918981e+01	0.000000e+00
2.00275140000e+04	3.975435e+01	0.000000e+00
2.03181820000e+04	4.033668e+01	0.000000e+00
2.06130700000e+04	4.092477e+01	0.000000e+00
2.09122370000e+04	4.151551e+01	0.000000e+00
2.12157470000e+04	4.211665e+01	0.000000e+00
2.15236610000e+04	4.273003e+01	0.000000e+00
2.18360440000e+04	4.335002e+01	0.000000e+00
2.21529610000e+04	4.397802e+01	0.000000e+00
2.24744780000e+04	4.462321e+01	0.000000e+00
2.28006610000e+04	4.526974e+01	0.000000e+00
2.31315780000e+04	4.592152e+01	0.000000e+00
2.34672970000e+04	4.659124e+01	0.000000e+00
2.38078900000e+04	4.727597e+01	0.000000e+00
2.41534250000e+04	4.795924e+01	0.000000e+00
2.45039750000e+04	4.865345e+01	0.000000e+00
2.48596130000e+04	4.935387e+01	0.000000e+00
2.52204130000e+04	5.007737e+01	0.000000e+00
2.55864490000e+04	5.079291e+01	0.000000e+00
2.59577970000e+04	5.153609e+01	0.000000e+00
2.63345350000e+04	5.228273e+01	0.000000e+00
2.67167410000e+04	5.304395e+01	0.000000e+00
2.71044940000e+04	5.381014e+01	0.000000e+00
2.74978740000e+04	5.458595e+01	0.000000e+00
2.78969640000e+04	5.538346e+01	0.000000e+00
2.83018460000e+04	5.618281e+01	0.000000e+00
2.87126050000e+04	5.700150e+01	0.000000e+00
2.91293240000e+04	5.782977e+01	0.000000e+00
2.95520920000e+04	5.867110e+01	0.000000e+00
2.99809960000e+04	5.951892e+01	0.000000e+00
3.04161250000e+04	6.039425e+01	0.000000e+00
3.08575690000e+04	6.126941e+01	0.000000e+00
3.13054190000e+04	6.216068e+01	0.000000e+00
3.17597700000e+04	6.305953e+01	0.000000e+00
3.22207150000e+04	6.397699e+01	0.000000e+00
3.26883490000e+04	6.490675e+01	0.000000e+00
3.31627710000e+04	6.585012e+01	0.000000e+00
3.36440780000e+04	6.680341e+01	0.000000e+00
3.41323710000e+04	6.778011e+01	0.000000e+00
3.46277510000e+04	6.875710e+01	0.000000e+00
3.51303200000e+04	6.976379e+01	0.000000e+00
3.56401830000e+04	7.077157e+01	0.000000e+00
3.61574460000e+04	7.180971e+01	0.000000e+00
3.66822160000e+04	7.284233e+01	0.000000e+00
3.72146030000e+04	7.390322e+01	0.000000e+00
3.77547170000e+04	7.497580e+01	0.000000e+00
3.83026690000e+04	7.606693e+01	0.000000e+00
3.88585740000e+04	7.716981e+01	0.000000e+00
3.94225470000e+04	7.828474e+01	0.000000e+00
3.99947050000e+04	7.942716e+01	0.000000e+00
4.05751680000e+04	8.058707e+01	0.000000e+00
4.11640550000e+04	8.175330e+01	0.000000e+00
4.17614890000e+04	8.294072e+01	0.000000e+00
4.23675930000e+04	8.415369e+01	0.000000e+00
4.29824940000e+04	8.537104e+01	0.000000e+00
4.36063200000e+04	8.661721e+01	0.000000e+00
4.42391990000e+04	8.787280e+01	0.000000e+00
4.48812640000e+04	8.915271e+01	0.000000e+00
4.55326480000e+04	9.044011e+01	0.000000e+00
4.61934850000e+04	9.175429e+01	0.000000e+00
4.68639130000e+04	9.309869e+01	0.000000e+00
4.75440720000e+04	9.444305e+01	0.000000e+00
4.82341010000e+04	9.582403e+01	0.000000e+00
4.89341460000e+04	9.721772e+01	0.000000e+00
4.96443510000e+04	9.862872e+01	0.000000e+00
5.03648630000e+04	1.000704e+02	0.000000e+00
5.10958330000e+04	1.015294e+02	0.000000e+00
5.18374110000e+04	1.029945e+02	0.000000e+00
5.25897520000e+04	1.045090e+02	0.000000e+00
5.33530130000e+04	1.060240e+02	0.000000e+00
5.41273510000e+04	1.075724e+02	0.000000e+00
5.49129270000e+04	1.091329e+02	0.000000e+00
5.57099050000e+04	1.107117e+02	0.000000e+00
5.65184490000e+04	1.123238e+02	0.000000e+00
5.73387290000e+04	1.139655e+02	0.000000e+00
5.81709130000e+04	1.156326e+02	0.000000e+00
5.90151760000e+04	1.173190e+02	0.000000e+00
5.98716910000e+04	1.190322e+02	0.000000e+00
6.07406380000e+04	1.207627e+02	0.000000e+00
6.16221960000e+04	1.225244e+02	0.000000e+00
6.25165490000e+04	1.242933e+02	0.000000e+00
6.34238810000e+04	1.261124e+02	0.000000e+00
6.43443830000e+04	1.279500e+02	0.000000e+00
6.52782440000e+04	1.298108e+02	0.000000e+00
6.62256580000e+04	1.317048e+02	0.000000e+00
6.71868230000e+04	1.336389e+02	0.000000e+00
6.81619380000e+04	1.355815e+02	0.000000e+00
6.91512050000e+04	1.375607e+02	0.000000e+00
7.01548290000e+04	1.395620e+02	0.000000e+00
7.11730200000e+04	1.415902e+02	0.000000e+00
7.22059880000e+04	1.436634e+02	0.000000e+00
7.32539490000e+04	1.457597e+02	0.000000e+00
7.43171180000e+04	1.478908e+02	0.000000e+00
7.53957180000e+04	1.500372e+02	0.000000e+00
7.64899730000e+04	1.522344e+02	0.000000e+00
7.76001080000e+04	1.544535e+02	0.000000e+00
7.87263560000e+04	1.567158e+02	0.000000e+00
7.98689500000e+04	1.590092e+02	0.000000e+00
8.10281260000e+04	1.613259e+02	0.000000e+00
8.22041260000e+04	1.636835e+02	0.000000e+00
8.33971940000e+04	1.660622e+02	0.000000e+00
8.46075780000e+04	1.685188e+02	0.000000e+00
8.58355280000e+04	1.709990e+02	0.000000e+00
8.70813000000e+04	1.734870e+02	0.000000e+00
8.83451530000e+04	1.760186e+02	0.000000e+00
8.96273490000e+04	1.786055e+02	0.000000e+00
9.09281540000e+04	1.812192e+02	0.000000e+00
9.22478380000e+04	1.838854e+02	0.000000e+00
9.35866750000e+04	1.865761e+02	0.000000e+00
9.49449430000e+04	1.893081e+02	0.000000e+00
9.63229250000e+04	1.920912e+02	0.000000e+00
9.77209060000e+04	1.949273e+02	0.000000e+00
9.91391760000e+04	1.977686e+02	0.000000e+00
1.00578031000e+05	2.006922e+02	0.000000e+00
1.02037768000e+05	2.036207e+02	0.000000e+00
1.03518691000e+05	2.066109e+02	0.000000e+00
1.05021108000e+05	2.096383e+02	0.000000e+00
1.06545330000e+05	2.127165e+02	0.000000e+00
1.08091673000e+05	2.158530e+02	0.000000e+00
1.09660460000e+05	2.190436e+02	0.000000e+00
1.11252015000e+05	2.222555e+02	0.000000e+00
1.12866669000e+05	2.255296e+02	0.000000e+00
1.14504757000e+05	2.288432e+02	0.000000e+00
1.16166620000e+05	2.322300e+02	0.000000e+00
1.17852602000e+05	2.356502e+02	0.000000e+00
1.19563053000e+05	2.391329e+02	0.000000e+00
1.21298329000e+05	2.426636e+02	0.000000e+00
1.23058790000e+05	2.462529e+02	0.000000e+00
1.24844801000e+05	2.498898e+02	0.000000e+00
1.26656734000e+05	2.535725e+02	0.000000e+00
1.28494964000e+05	2.573503e+02	0.000000e+00
1.30359873000e+05	2.611488e+02	0.000000e+00
1.32251849000e+05	2.650012e+02	0.000000e+00
1.34171284000e+05	2.689248e+02	0.000000e+00
1.36118576000e+05	2.729468e+02	0.000000e+00
1.38094130000e+05	2.769609e+02	0.000000e+00
1.40098357000e+05	2.811003e+02	0.000000e+00
1.42131672000e+05	2.852910e+02	0.000000e+00
1.44194497000e+05	2.895068e+02	0.000000e+00
1.46287261000e+05	2.938390e+02	0.000000e+00
1.48410398000e+05	2.981823e+02	0.000000e+00
1.50564350000e+05	3.026529e+02	0.000000e+00
1.52749562000e+05	3.071539e+02	0.000000e+00
1.54966490000e+05	3.117357e+02	0.000000e+00
1.57215593000e+05	3.164163e+02	0.000000e+00
1.59497339000e+05	3.211308e+02	0.000000e+00
1.61812201000e+05	3.259593e+02	0.000000e+00
1.64160659000e+05	3.308110e+02	0.000000e+00
1.66543201000e+05	3.357594e+02	0.000000e+00
1.68960323000e+05	3.408130e+02	0.000000e+00
1.71412525000e+05	3.459117e+02	0.000000e+00
1.73900318000e+05	3.511427e+02	0.000000e+00
1.76424217000e+05	3.564166e+02	0.000000e+00
1.78984746000e+05	3.618012e+02	0.000000e+00
1.81582438000e+05	3.672544e+02	0.000000e+00
1.84217831000e+05	3.727912e+02	0.000000e+00
1.86891473000e+05	3.784225e+02	0.000000e+00
1.89603919000e+05	3.841596e+02	0.000000e+00
1.92355732000e+05	3.899825e+02	0.000000e+00
1.95147483000e+05	3.959380e+02	0.000000e+00
1.97979752000e+05	4.019588e+02	0.000000e+00
2.00853127000e+05	4.080118e+02	0.000000e+00
2.03768205000e+05	4.142563e+02	0.000000e+00
2.06725591000e+05	4.205740e+02	0.000000e+00
2.09725899000e+05	4.270522e+02	0.000000e+00
2.12769752000e+05	4.335444e+02	0.000000e+00
2.15857782000e+05	4.401881e+02	0.000000e+00
2.18990629000e+05	4.469837e+02	0.000000e+00
2.22168946000e+05	4.538102e+02	0.000000e+00
2.25393390000e+05	4.608401e+02	0.000000e+00
2.28664633000e+05	4.679659e+02	0.000000e+00
2.31983353000e+05	4.751906e+02	0.000000e+00
2.35350239000e+05	4.825631e+02	0.000000e+00
2.38765990000e+05	4.900378e+02	0.000000e+00
2.42231316000e+05	4.976553e+02	0.000000e+00
2.45746935000e+05	5.054731e+02	0.000000e+00
2.49313579000e+05	5.133590e+02	0.000000e+00
2.52931986000e+05	5.213455e+02	0.000000e+00
2.56602910000e+05	5.295571e+02	0.000000e+00
2.60327111000e+05	5.379032e+02	0.000000e+00
2.64105364000e+05	5.463683e+02	0.000000e+00
2.67938452000e+05	5.550267e+02	0.000000e+00
2.71827171000e+05	5.637487e+02	0.000000e+00
2.75772330000e+05	5.727512e+02	0.000000e+00
2.79774746000e+05	5.818586e+02	0.000000e+00
2.83835252000e+05	5.911588e+02	0.000000e+00
2.87954689000e+05	6.006224e+02	0.000000e+00
2.92133914000e+05	6.102308e+02	0.000000e+00
2.96373794000e+05	6.201180e+02	0.000000e+00
3.00675209000e+05	6.300886e+02	0.000000e+00
3.05039053000e+05	6.402802e+02	0.000000e+00
3.09466232000e+05	6.507463e+02	0.000000e+00
3.13957664000e+05	6.613303e+02	0.000000e+00
3.18514282000e+05	6.721767e+02	0.000000e+00
3.23137033000e+05	6.832400e+02	0.000000e+00
3.27826876000e+05	6.944795e+02	0.000000e+00
3.32584785000e+05	7.059561e+02	0.000000e+00
3.37411748000e+05	7.176863e+02	0.000000e+00
3.42308767000e+05	7.296596e+02	0.000000e+00
3.47276859000e+05	7.418621e+02	0.000000e+00
3.52317055000e+05	7.543352e+02	0.000000e+00
3.57430402000e+05	7.671321e+02	0.000000e+00
3.62617961000e+05	7.800582e+02	0.000000e+00
3.67880810000e+05	7.933444e+02	0.000000e+00
3.73220041000e+05	8.069255e+02	0.000000e+00
3.78636763000e+05	8.208363e+02	0.000000e+00
3.84132100000e+05	8.349894e+02	0.000000e+00
3.89707194000e+05	8.495064e+02	0.000000e+00
3.95363202000e+05	8.643915e+02	0.000000e+00
4.01101298000e+05	8.795669e+02	0.000000e+00
4.06922674000e+05	8.950670e+02	0.000000e+00
4.12828539000e+05	9.110187e+02	0.000000e+00
4.18820118000e+05	9.273045e+02	0.000000e+00
4.24898655000e+05	9.439064e+02	0.000000e+00
4.31065414000e+05	9.610361e+02	0.000000e+00
4.37321673000e+05	9.784833e+02	0.000000e+00
4.43668733000e+05	9.964655e+02	0.000000e+00
4.50107911000e+05	1.014839e+03	0.000000e+00
4.56640543000e+05	1.033730e+03	0.000000e+00
4.63267987000e+05	1.053162e+03	0.000000e+00
4.69991618000e+05	1.073008e+03	0.000000e+00
4.76812832000e+05	1.093452e+03	0.000000e+00
4.83733046000e+05	1.114390e+03	0.000000e+00
4.90753696000e+05	1.135973e+03	0.000000e+00
4.97876241000e+05	1.158134e+03	0.000000e+00
5.05102158000e+05	1.180978e+03	0.000000e+00
5.12432948000e+05	1.204444e+03	0.000000e+00
5.19870134000e+05	1.228520e+03	0.000000e+00
5.27415259000e+05	1.253444e+03	0.000000e+00
5.35069891000e+05	1.279054e+03	0.000000e+00
5.42835617000e+05	1.305318e+03	0.000000e+00
5.50714052000e+05	1.332701e+03	0.000000e+00
5.58706829000e+05	1.360784e+03	0.000000e+00
5.66815610000e+05	1.389776e+03	0.000000e+00
5.75042078000e+05	1.419757e+03	0.000000e+00
5.83387940000e+05	1.450854e+03	0.000000e+00
5.91854929000e+05	1.482828e+03	0.000000e+00
6.00444805000e+05	1.516049e+03	0.000000e+00
6.09159349000e+05	1.550644e+03	0.000000e+00
6.18000371000e+05	1.586130e+03	0.000000e+00
6.26969708000e+05	1.623080e+03	0.000000e+00
6.36069220000e+05	1.661614e+03	0.000000e+00
6.45300799000e+05	1.701492e+03	0.000000e+00
6.54666360000e+05	1.742820e+03	0.000000e+00
6.64167847000e+05	1.786125e+03	0.000000e+00
6.73807235000e+05	1.831189e+03	0.000000e+00
6.83586523000e+05	1.877967e+03	0.000000e+00
6.93507743000e+05	1.927099e+03	0.000000e+00
7.03572954000e+05	1.978307e+03	0.000000e+00
7.13784247000e+05	2.031635e+03	0.000000e+00
7.24143740000e+05	2.088126e+03	0.000000e+00
7.34653587000e+05	2.146776e+03	0.000000e+00
7.45315967000e+05	2.208413e+03	0.000000e+00
7.56133096000e+05	2.273406e+03	0.000000e+00
7.67107220000e+05	2.341824e+03	0.000000e+00
7.78240615000e+05	2.413746e+03	0.000000e+00
7.89535596000e+05	2.489754e+03	0.000000e+00
8.00994505000e+05	2.570360e+03	0.000000e+00
8.12619724000e+05	2.655595e+03	0.000000e+00
8.24413664000e+05	2.746057e+03	0.000000e+00
8.36378776000e+05	2.842337e+03	0.000000e+00
8.48517544000e+05	2.945141e+03	0.000000e+00
8.60832487000e+05	3.055003e+03	0.000000e+00
8.73326162000e+05	3.172587e+03	0.000000e+00
8.86001165000e+05	3.299050e+03	0.000000e+00
8.98860126000e+05	3.434854e+03	0.000000e+00
9.11905715000e+05	3.581758e+03	0.000000e+00
9.25140641000e+05	3.740945e+03	0.000000e+00
9.38567652000e+05	3.913812e+03	0.000000e+00
9.52189535000e+05	4.102701e+03	0.000000e+00
9.66009120000e+05	4.309736e+03	0.000000e+00
9.80029275000e+05	4.538153e+03	0.000000e+00
9.94252911000e+05	4.790910e+03	0.000000e+00
1.00868298100e+06	5.072562e+03	0.000000e+00
1.02332248200e+06	5.388120e+03	0.000000e+00
1.03817445300e+06	5.744096e+03	0.000000e+00
1.05324197800e+06	6.149244e+03	0.000000e+00
1.06852818600e+06	6.613986e+03	0.000000e+00
1.08403624900e+06	7.153014e+03	0.000000e+00
1.09976938800e+06	7.785707e+03	0.000000e+00
1.11573087000e+06	8.540147e+03	0.000000e+00
1.13192400900e+06	9.451400e+03	0.000000e+00
1.14835216600e+06	1.057718e+04	0.000000e+00
1.16501875300e+06	1.200296e+04	0.000000e+00
1.18192723000e+06	1.386338e+04	0.000000e+00
1.19908110800e+06	1.639070e+04	0.000000e+00
1.21648394900e+06	2.000999e+04	0.000000e+00
1.23413936500e+06	2.559095e+04	0.000000e+00
1.25205102300e+06	3.513544e+04	0.000000e+00
1.27022264200e+06	5.368020e+04	0.000000e+00
1.28865799400e+06	8.541298e+04	0.000000e+00
1.30736090700e+06	7.465505e+04	0.000000e+00
1.32633526400e+06	4.589515e+04	0.000000e+00
1.34558500500e+06	3.127244e+04	0.000000e+00
1.36511412800e+06	2.340719e+04	0.000000e+00
1.38492668500e+06	1.862326e+04	0.000000e+00
1.40502679200e+06	1.543280e+04	0.000000e+00
1.42541862100e+06	1.316304e+04	0.000000e+00
1.44610640700e+06	1.146805e+04	0.000000e+00
1.46709444500e+06	1.015433e+04	0.000000e+00
1.48838709200e+06	9.106463e+03	0.000000e+00
1.50998876900e+06	8.253716e+03	0.000000e+00
1.53190396200e+06	7.544319e+03	0.000000e+00
1.55413722100e+06	6.945141e+03	0.000000e+00
1.57669316100e+06	6.432372e+03	0.000000e+00
1.59957646700e+06	5.989105e+03	0.000000e+00
1.62279189000e+06	5.601471e+03	0.000000e+00
1.64634424900e+06	5.259950e+03	0.000000e+00
1.67023843400e+06	4.956069e+03	0.000000e+00
1.69447940800e+06	4.684937e+03	0.000000e+00
1.71907220200e+06	4.440993e+03	0.000000e+00
1.74402192300e+06	4.220184e+03	0.000000e+00
1.76933375200e+06	4.019283e+03	0.000000e+00
1.79501294300e+06	3.836198e+03	0.000000e+00
1.82106482900e+06	3.668053e+03	0.000000e+00
1.84749481800e+06	3.513243e+03	0.000000e+00
1.87430839900e+06	3.370438e+03	0.000000e+00
1.90151113800e+06	3.238274e+03	0.000000e+00
1.92910868300e+06	3.115310e+03	0.000000e+00
1.95710676500e+06	3.000874e+03	0.000000e+00
1.98551119600e+06	2.893600e+03	0.000000e+00
2.01432787500e+06	2.793771e+03	0.000000e+00
2.04356278400e+06	2.700017e+03	0.000000e+00
2.07322199300e+06	2.611542e+03	0.000000e+00
2.10331166100e+06	2.528051e+03	0.000000e+00
2.13383803400e+06	2.449231e+03	0.000000e+00
2.16480745100e+06	2.374269e+03	0.000000e+00
2.19622634300e+06	2.302854e+03	0.000000e+00
2.22810123100e+06	2.234948e+03	0.000000e+00
2.26043873600e+06	2.170179e+03	0.000000e+00
2.29324557000e+06	2.109120e+03	0.000000e+00
2.32652854500e+06	2.051959e+03	0.000000e+00
2.36029457300e+06	1.998710e+03	0.000000e+00
2.39455066300e+06	1.946129e+03	0.000000e+00
2.42930392800e+06	1.886330e+03	0.000000e+00
2.46456158300e+06	1.817919e+03	0.000000e+00
2.50033095100e+06	1.762399e+03	0.000000e+00
2.53661945600e+06	1.718945e+03	0.000000e+00
2.57343463300e+06	1.679330e+03	0.000000e+00
2.61078412800e+06	1.640947e+03	0.000000e+00
2.64867569300e+06	1.603513e+03	0.000000e+00
2.68711719700e+06	1.567006e+03	0.000000e+00
2.72611662000e+06	1.531564e+03	0.000000e+00
2.76568206100e+06	1.497118e+03	0.000000e+00
2.80582173500e+06	1.463678e+03	0.000000e+00
2.84654397500e+06	1.431390e+03	0.000000e+00
2.88785723600e+06	1.399990e+03	0.000000e+00
2.92977009600e+06	1.369505e+03	0.000000e+00
2.97229125800e+06	1.339666e+03	0.000000e+00
3.01542955000e+06	1.310645e+03	0.000000e+00
3.05919392900e+06	1.282595e+03	0.000000e+00
3.10359348100e+06	1.255349e+03	0.000000e+00
3.14863742600e+06	1.228991e+03	0.000000e+00
3.19433511500e+06	1.203315e+03	0.000000e+00
3.24069603600e+06	1.178346e+03	0.000000e+00
3.28772981500e+06	1.154060e+03	0.000000e+00
3.33544621900e+06	1.130537e+03	0.000000e+00
3.38385515300e+06	1.107640e+03	0.000000e+00
3.43296667000e+06	1.085487e+03	0.000000e+00
3.48279096600e+06	1.063692e+03	0.000000e+00
3.53333838600e+06	1.042370e+03	0.000000e+00
3.58461942400e+06	1.021602e+03	0.000000e+00
3.63664472900e+06	1.001478e+03	0.000000e+00
3.68942510300e+06	9.819315e+02	0.000000e+00
3.74297150300e+06	9.628419e+02	0.000000e+00
3.79729504800e+06	9.442266e+02	0.000000e+00
3.85240701700e+06	9.259686e+02	0.000000e+00
3.90831885200e+06	9.081251e+02	0.000000e+00
3.96504216200e+06	8.906690e+02	0.000000e+00
4.02258872600e+06	8.735728e+02	0.000000e+00
4.08097049000e+06	8.568627e+02	0.000000e+00
4.14019957600e+06	8.404843e+02	0.000000e+00
4.20028828300e+06	8.244314e+02	0.000000e+00
4.26124908700e+06	8.087927e+02	0.000000e+00
4.32309464300e+06	7.934361e+02	0.000000e+00
4.38583779400e+06	7.784358e+02	0.000000e+00
4.44949156700e+06	7.637416e+02	0.000000e+00
4.51406917700e+06	7.492034e+02	0.000000e+00
4.57958403300e+06	7.349655e+02	0.000000e+00
4.64604973800e+06	7.209016e+02	0.000000e+00
4.71348009200e+06	7.070478e+02	0.000000e+00
4.78188909400e+06	6.932462e+02	0.000000e+00
4.85129095000e+06	6.796956e+02	0.000000e+00
4.92170006800e+06	6.664376e+02	0.000000e+00
4.99313106700e+06	6.534363e+02	0.000000e+00
5.06559877900e+06	6.406229e+02	0.000000e+00
5.13911824900e+06	6.280114e+02	0.000000e+00
5.21370474300e+06	6.156525e+02	0.000000e+00
5.28937374700e+06	6.036201e+02	0.000000e+00
5.36614097100e+06	5.920619e+02	0.000000e+00
5.44402235500e+06	5.812754e+02	0.000000e+00
5.52303406900e+06	5.716404e+02	0.000000e+00
5.60319251700e+06	5.635915e+02	0.000000e+00
5.68451434400e+06	5.569729e+02	0.000000e+00
5.76701643400e+06	5.508423e+02	0.000000e+00
5.85071591600e+06	5.440048e+02	0.000000e+00
5.93563016900e+06	5.358358e+02	0.000000e+00
6.02177682300e+06	5.265500e+02	0.000000e+00
6.10917376500e+06	5.166286e+02	0.000000e+00
6.19783914100e+06	5.064220e+02	0.000000e+00
6.28779136100e+06	4.962151e+02	0.000000e+00
6.37904910000e+06	4.860735e+02	0.000000e+00
6.47163130600e+06	4.760534e+02	0.000000e+00
6.56555720300e+06	4.661797e+02	0.000000e+00
6.66084629100e+06	4.565255e+02	0.000000e+00
6.75751835500e+06	4.470533e+02	0.000000e+00
6.85559346800e+06	4.377624e+02	0.000000e+00
6.95509199200e+06	4.286354e+02	0.000000e+00
7.05603458600e+06	4.196532e+02	0.000000e+00
7.15844220800e+06	4.108396e+02	0.000000e+00
7.26233612200e+06	4.021291e+02	0.000000e+00
7.36773789700e+06	3.935249e+02	0.000000e+00
7.47466942000e+06	3.848758e+02	0.000000e+00
7.58315289100e+06	3.761393e+02	0.000000e+00
7.69321083400e+06	3.676095e+02	0.000000e+00
7.80486610200e+06	3.592541e+02	0.000000e+00
7.91814187600e+06	3.510265e+02	0.000000e+00
8.03306167600e+06	3.429007e+02	0.000000e+00
8.14964936200e+06	3.348374e+02	0.000000e+00
8.26792914100e+06	3.268380e+02	0.000000e+00
8.38792557200e+06	3.189416e+02	0.000000e+00
8.50966356800e+06	3.110189e+02	0.000000e+00
8.63316840700e+06	3.032654e+02	0.000000e+00
8.75846573100e+06	2.955807e+02	0.000000e+00
8.88558155500e+06	2.878584e+02	0.000000e+00
9.01454227200e+06	2.803427e+02	0.000000e+00
9.14537465800e+06	2.728138e+02	0.000000e+00
9.27810587700e+06	2.653109e+02	0.000000e+00
9.41276348800e+06	2.578892e+02	0.000000e+00
9.54937545000e+06	2.505580e+02	0.000000e+00
9.68797012700e+06	2.434403e+02	0.000000e+00
9.82857629500e+06	2.365089e+02	0.000000e+00
9.97122314800e+06	2.290667e+02	0.000000e+00
1.01159403040e+07	2.191548e+02	0.000000e+00
1.02627578090e+07	2.093918e+02	0.000000e+00
1.04117061470e+07	2.022150e+02	0.000000e+00
1.05628162440e+07	1.960999e+02	0.000000e+00
1.07161194750e+07	1.904937e+02	0.000000e+00
1.08716476690e+07	1.856957e+02	0.000000e+00
1.10294331180e+07	1.821886e+02	0.000000e+00
1.11895085830e+07	1.805902e+02	0.000000e+00
1.13519073010e+07	1.815058e+02	0.000000e+00
1.15166629890e+07	1.853123e+02	0.000000e+00
1.16838098560e+07	1.916049e+02	0.000000e+00
1.18533826060e+07	1.992724e+02	0.000000e+00
1.20254164470e+07	2.063811e+02	0.000000e+00
1.21999470970e+07	2.110276e+02	0.000000e+00
1.23770107950e+07	2.121750e+02	0.000000e+00
1.25566443030e+07	2.098331e+02	0.000000e+00
1.27388849180e+07	2.047314e+02	0.000000e+00
1.29237704800e+07	1.980861e+02	0.000000e+00
1.31113393740e+07	1.902502e+02	0.000000e+00
1.33016305460e+07	1.819285e+02	0.000000e+00
1.34946835050e+07	1.734419e+02	0.000000e+00
1.36905383350e+07	1.649642e+02	0.000000e+00
1.38892357000e+07	1.566206e+02	0.000000e+00
1.40908168550e+07	1.484382e+02	0.000000e+00
1.42953236550e+07	1.404375e+02	0.000000e+00
1.45027985600e+07	1.325998e+02	0.000000e+00
1.47132846480e+07	1.249378e+02	0.000000e+00
1.49268256220e+07	1.174039e+02	0.000000e+00
1.51434658180e+07	1.099893e+02	0.000000e+00
1.53632502180e+07	1.027272e+02	0.000000e+00
1.55862244550e+07	9.558978e+01	0.000000e+00
1.58124348240e+07	8.856590e+01	0.000000e+00
1.60419282930e+07	8.165839e+01	0.000000e+00
1.62747525100e+07	7.489728e+01	0.000000e+00
1.65109558180e+07	6.831479e+01	0.000000e+00
1.67505872580e+07	6.197924e+01	0.000000e+00
1.69936965840e+07	5.600153e+01	0.000000e+00
1.72403342730e+07	5.055251e+01	0.000000e+00
1.74905515330e+07	4.589939e+01	0.000000e+00
1.77444003160e+07	4.240952e+01	0.000000e+00
1.80019333290e+07	4.054324e+01	0.000000e+00
1.82632040420e+07	4.071131e+01	0.000000e+00
1.85282667030e+07	4.307485e+01	0.000000e+00
1.87971763450e+07	4.743769e+01	0.000000e+00
1.90699888030e+07	5.332429e+01	0.000000e+00
1.93467607190e+07	6.010797e+01	0.000000e+00
1.96275495590e+07	6.714928e+01	0.000000e+00
1.99124136220e+07	7.391721e+01	0.000000e+00
2.02014120540e+07	8.015161e+01	0.000000e+00
2.04946048590e+07	8.601125e+01	0.000000e+00
2.07920529130e+07	9.194015e+01	0.000000e+00
2.10938179730e+07	9.843671e+01	0.000000e+00
2.13999626950e+07	1.058618e+02	0.000000e+00
2.17105506420e+07	1.144404e+02	0.000000e+00
2.20256463010e+07	1.242876e+02	0.000000e+00
2.23453150950e+07	1.354543e+02	0.000000e+00
2.26696233960e+07	1.479617e+02	0.000000e+00
2.29986385400e+07	1.619293e+02	0.000000e+00
2.33324288380e+07	1.774878e+02	0.000000e+00
2.36710635950e+07	1.948300e+02	0.000000e+00
2.40146131220e+07	2.141946e+02	0.000000e+00
2.43631487470e+07	2.360735e+02	0.000000e+00
2.47167428380e+07	2.608886e+02	0.000000e+00
2.50754688100e+07	2.892412e+02	0.000000e+00
2.54394011450e+07	3.220088e+02	0.000000e+00
2.58086154040e+07	3.598215e+02	0.000000e+00
2.61831882480e+07	4.025090e+02	0.000000e+00
2.65631974470e+07	4.465367e+02	0.000000e+00
2.69487219020e+07	4.770305e+02	0.000000e+00
2.73398416590e+07	4.606185e+02	0.000000e+00
2.77366379260e+07	3.868209e+02	0.000000e+00
2.81391930870e+07	3.350114e+02	0.000000e+00
2.85475907250e+07	3.599674e+02	0.000000e+00
2.89619156340e+07	4.230712e+02	0.000000e+00
2.93822538400e+07	4.823612e+02	0.000000e+00
2.98086926160e+07	5.145397e+02	0.000000e+00
3.02413205030e+07	5.104980e+02	0.000000e+00
3.06802273270e+07	4.757060e+02	0.000000e+00
3.11255042160e+07	4.244218e+02	0.000000e+00
3.15772436230e+07	3.689236e+02	0.000000e+00
3.20355393410e+07	3.162924e+02	0.000000e+00
3.25004865260e+07	2.694074e+02	0.000000e+00
3.29721817120e+07	2.292596e+02	0.000000e+00
3.34507228370e+07	1.964630e+02	0.000000e+00
3.39362092600e+07	1.716346e+02	0.000000e+00
3.44287417810e+07	1.557242e+02	0.000000e+00
3.49284226630e+07	1.498525e+02	0.000000e+00
3.54353556530e+07	1.545041e+02	0.000000e+00
3.59496460060e+07	1.690944e+02	0.000000e+00
3.64714005020e+07	1.923395e+02	0.000000e+00
3.70007274720e+07	2.233814e+02	0.000000e+00
3.75377368190e+07	2.619017e+02	0.000000e+00
3.80825400410e+07	3.085958e+02	0.000000e+00
3.86352502540e+07	3.652615e+02	0.000000e+00
3.91959822150e+07	4.347159e+02	0.000000e+00
3.97648523500e+07	5.224216e+02	0.000000e+00
4.03419787700e+07	6.364161e+02	0.000000e+00
4.09274813030e+07	7.832642e+02	0.000000e+00
4.15214815160e+07	9.523798e+02	0.000000e+00
4.21241027400e+07	1.106660e+03	0.000000e+00
4.27354700950e+07	1.187300e+03	0.000000e+00
4.33557105180e+07	1.155694e+03	0.000000e+00
4.39849527890e+07	1.021993e+03	0.000000e+00
4.46233275560e+07	8.626271e+02	0.000000e+00
4.52709673620e+07	7.260885e+02	0.000000e+00
4.59280066770e+07	6.324753e+02	0.000000e+00
4.65945819190e+07	5.802456e+02	0.000000e+00
4.72708314880e+07	5.591490e+02	0.000000e+00
4.79568957920e+07	5.583661e+02	0.000000e+00
4.86529172770e+07	5.615304e+02	0.000000e+00
4.93590404560e+07	5.550505e+02	0.000000e+00
5.00754119410e+07	5.296213e+02	0.000000e+00
5.08021804690e+07	4.937273e+02	0.000000e+00
5.15394969390e+07	4.502523e+02	0.000000e+00
5.22875144370e+07	4.080701e+02	0.000000e+00
5.30463882720e+07	3.719547e+02	0.000000e+00
5.38162760080e+07	3.409757e+02	0.000000e+00
5.45973374950e+07	3.162022e+02	0.000000e+00
5.53897349030e+07	2.970120e+02	0.000000e+00
5.61936327560e+07	2.801427e+02	0.000000e+00
5.70091979650e+07	2.620067e+02	0.000000e+00
5.78365998630e+07	2.432650e+02	0.000000e+00
5.86760102430e+07	2.249208e+02	0.000000e+00
5.95276033900e+07	2.081783e+02	0.000000e+00
6.03915561170e+07	1.924966e+02	0.000000e+00
6.12680478060e+07	1.777565e+02	0.000000e+00
6.21572604400e+07	1.642555e+02	0.000000e+00
6.30593786440e+07	1.524919e+02	0.000000e+00
6.39745897230e+07	1.435267e+02	0.000000e+00
6.49030837010e+07	1.388076e+02	0.000000e+00
6.58450533590e+07	1.402764e+02	0.000000e+00
6.68006942750e+07	1.489068e+02	0.000000e+00
6.77702048670e+07	1.633762e+02	0.000000e+00
6.87537864320e+07	1.796152e+02	0.000000e+00
6.97516431900e+07	1.910892e+02	0.000000e+00
7.07639823220e+07	1.923726e+02	0.000000e+00
7.17910140190e+07	1.844994e+02	0.000000e+00
7.28329515210e+07	1.715943e+02	0.000000e+00
7.38900111620e+07	1.575025e+02	0.000000e+00
7.49624124180e+07	1.434816e+02	0.000000e+00
7.60503779500e+07	1.303760e+02	0.000000e+00
7.71541336480e+07	1.191908e+02	0.000000e+00
7.82739086830e+07	1.104006e+02	0.000000e+00
7.94099355520e+07	1.042916e+02	0.000000e+00
8.05624501250e+07	9.992534e+01	0.000000e+00
8.17316916960e+07	9.484948e+01	0.000000e+00
8.29179030320e+07	8.861761e+01	0.000000e+00
8.41213304230e+07	8.158698e+01	0.000000e+00
8.53422237350e+07	7.415260e+01	0.000000e+00
8.65808364580e+07	6.698679e+01	0.000000e+00
8.78374257640e+07	6.066019e+01	0.000000e+00
8.91122525540e+07	5.533465e+01	0.000000e+00
9.04055815180e+07	5.075319e+01	0.000000e+00
9.17176811870e+07	4.700251e+01	0.000000e+00
9.30488239900e+07	4.460352e+01	0.000000e+00
9.43992863080e+07	4.454501e+01	0.000000e+00
9.57693485340e+07	4.692680e+01	0.000000e+00
9.71592951330e+07	4.977104e+01	0.000000e+00
9.85694146950e+07	5.040252e+01	0.000000e+00
1.00000000000e+08	4.849949e+01	0.000000e+00
